1
                                                                                                                                                                                                                                                                                                             
                                                                                                                                                                                                                                                                                                             
                                                                                                                                                                                                                                                                                                             
                                                                                                                                                                                                                                                                                                             
                                                                                                                                                                                                                                                                                                             
                                                                                                                                                                                                                                                                                                             
                                                                                                                                                                                                                                                                                                             
                                                                                                                                                                                                                                                                                                             
                                                                                                                                                                                                                                                                                                             
                                                                                                                                                                                                                                                                                                             
                                                                                                                                                                                                                                                                                                             
                                                                                                                                                                                                                                                                                                             
                                                                                                                                                                                                                                                                                                             
                                                                                                                                                                                                                                                                                                             
                                                                                                                                                                                                                                                                                                             
                                                                                                                                                                                                                                                                                                             
                                                                                                                                                                                                                                                                                                             
                                                                                                                                                                                                                                                                                                             
                                                                                                                                                                                                                                                                                                             
                                                                                                                                                                                                                                                                                                             
                                                                                                                                                                                                                                                                                                             
                                                                                                                                                                                                                                                                                                             
                                                                                                                                                                                                                                                                                                             
                                                                                                                                                                                                                                                                                                             
                                                                                                                                                                                                                                                                                                             
                                                                                                                                                                                                                                                                                                             
                                                                                                                                                                                                                                                                                                             
                                                                                                                                                                                                                                                                                                             
                                                                                                                                                                                                                                                                                                             
                                                                                                                                                                                                                                                                                                             
                                                                                                                                                                                                                                                                                                             
                                                                                                                                                                                                                                                                                                             
                                                                                                                                                                                                                                                                                                             
                                                                                                                                                                                                                                                                                                             
                                                                                                                                                                                                                                                                                                             
                                                                                                                                                                                                                                                                                                             
                                                                                                                                                                                                                                                                                                             
                                                                                                                                                                                                                                                                                                             
                                                                                                                                                                                                                                                                                                             
                                                                                                                                                                                                                                                                                                             
                                                                                                                                                                                                                                                                                                             
                                                                                                                                                                                                                                                                                                             
                                                                                                                                                                                                                                                                                                             
                                                                                                                                                                                                                                                                                                             
                                                                                                                                                                                                                                                                                                             
                                                                                                                                                                                                                                                                                                             
                                                                                                                                                                                                                                                                                                             
                                                                                                                                                                                                                                                                                                             
                                                                                                                                                                                                                                                                                                             
                                                                                                                                                                                                                                                                                                             
                                                                                                                                                                                                                                                                                                             
                                                                                                                                                                                                                                                                                                             
                                                                                                                                                                                                                                                                                                             
                                                                                                                                                                                                                                                                                                             
                                                                                                                                                                                                                                                                                                             
                                                                                                                                                                                                                                                                                                             
                                                                                                                                                                                                                                                                                                             
                                                                                                                                                                                                                                                                                                             
                                                                                                                                                                                                                                                                                                             
                                                                                                                                                                                                                                                                                                             
                                                                                                                                                                                                                                                                                                             
                                                                                                                                                                                                                                                                                                             
                                                                                                                                                                                                                                                                                                             
                                                                                                                                                                                                                                                                                                             
                                                                                                                                                                                                                                                                                                             
                                                                                                                                                                                                                                                                                                             
                                                                                                                                                                                                                                                                                                             
                                                                                                                                                                                                                                                                                                             
                                                                                                                                                                                                                                                                                                             
                                                                                                                                                                                                                                                                                                             
                                                                                                                                                                                                                                                                                                             
                                                                                                                                                                                                                                                                                                             
                                                                                                                                                                                                                                                                                                             
                                                                                                                                                                                                                                                                                                             
                                                                                                                                                                                                                                                                                                             
                                                                                                                                                                                                                                                                                                             
                                                                                                                                                                                                                                                                                                             
                                                                                                                                                                                                                                                                                                             
                                                                                                                                                                                                                                                                                                             
                                                                                                                                                                                                                                                                                                             
                                                                                                                                                                                                                                                                                                             
                                                                                                                                                                                                                                                                                                             
                                                                                                                                                                                                                                                                                                             
                                                                                                                                                                                                                                                                                                             
                                                                                                                                                                                                                                                                                                             
                                                                                                                                                                                                                                                                                                             
                                                                                                                                                                                                                                                                                                             
                                                                                                                                                                                                                                                                                                             
                                                                                                                                                                                                                                                                                                             
                                                                                                                                                                                                                                                                                                             
                                                                                                                                                                                                                                                                                                             
                                                                                                                                                                                                                                                                                                             
                                                                                                                                                                                                                                                                                                             
                                                                                                                                                                                                                                                                                                             
                                                                                                                                                                                                                                                                                                             
                                                                                                                                                                                                                                                                                                             
                                                                                                                                                                                                                                                                                                             
                                                                                                                                                                                                                                                                                                             
                                                                                                                                                                                                                                                                                                             
                                                                                                                                                                                                                                                                                                             
                                                                                                                                                                                                                                                                                                             
                                                                                                                                                                                                                                                                                                             
                                                                                                                                                                                                                                                                                                             
                                                                                                                                                                                                                                                                                                             
                                                                                                                                                                                                                                                                                                             
                                                                                                                                                                                                                                                                                                             
                                                                                                                                                                                                                                                                                                             
                                                                                                                                                                                                                                                                                                             
                                                                                                                                                                                                                                                                                                             
                                                                                                                                                                                                                                                                                                             
                                                                                                                                                                                                                                                                                                             
                                                                                                                                                                                                                                                                                                             
                                                                                                                                                                                                                                                                                                             
                                                                                                                                                                                                                                                                                                             
                                                                                                                                                                                                                                                                                                             
                                                                                                                                                                                                                                                                                                             
                                                                                                                                                                                                                                                                                                             
                                                                                                                                                                                                                                                                                                             
                                                                                                                                                                                                                                                                                                             
                                                                                                                                                                                                                                                                                                             
                                                                                                                                                                                                                                                                                                             
                                                                                                                                                                                                                                                                                                             
                                                                                                                                                                                                                                                                                                             
                                                                                                                                                                                                                                                                                                             
                                                                                                                                                                                                                                                                                                             
                                                                                                                                                                                                                                                                                                             
                                                                                                                                                                                                                                                                                                             
                                                                                                                                                                                                                                                                                                             
                                                                                                                                                                                                                                                                                                             
                                                                                                                                                                                                                                                                                                             
                                                                                                                                                                                                                                                                                                             
                                                                                                                                                                                                                                                                                                             
                                                                                                                                                                                                                                                                                                             
                                                                                                                                                                                                                                                                                                             
                                                                                                                                                                                                                                                                                                             
                                                                                                                                                                                                                                                                                                             
                                                                                                                                                                                                                                                                                                             
                                                                                                                                                                                                                                                                                                             
                                                                                                                                                                                                                                                                                                             
                                                                                                                                                                                                                                                                                                             
                                                                                                                                                                                                                                                                                                             
                                                                                                                                                                                                                                                                                                             
                                                                                                                                                                                                                                                                                                             
                                                                                                                                                                                                                                                                                                             
                                                                                                                                                                                                                                                                                                             
                                                                                                                                                 WWWWWWWWWWW                                                                                                                                                 
                                                                                                                                                 W         W                                                                                                                                                 
                                                                                                                                                 W         W                                                                                                                                                 
                                                                                                                                                 WNNNNNNNNNW                                                                                                                                                 
                                                                                                                                                 W         W                                                                                                                                                 
                                                                                                                                                 W         W                                                                                                                                                 
                                                                                                                                                 WSSSSSSSSSW                                                                                                                                                 
                                                                                                                                                 W         W                                                                                                                                                 
                                                                                                                                                 W         W                                                                                                                                                 
                                                                                                                                                 W+++     *W                                                                                                                                                 
                                                                                                                                                 WWWWWWWWWWW                                                                                                                                                 
                                                                                                                                                                                                                                                                                                             
                                                                                                                                                                                                                                                                                                             
                                                                                                                                                                                                                                                                                                             
                                                                                                                                                                                                                                                                                                             
                                                                                                                                                                                                                                                                                                             
                                                                                                                                                                                                                                                                                                             
                                                                                                                                                                                                                                                                                                             
                                                                                                                                                                                                                                                                                                             
                                                                                                                                                                                                                                                                                                             
                                                                                                                                                                                                                                                                                                             
                                                                                                                                                                                                                                                                                                             
                                                                                                                                                                                                                                                                                                             
                                                                                                                                                                                                                                                                                                             
                                                                                                                                                                                                                                                                                                             
                                                                                                                                                                                                                                                                                                             
                                                                                                                                                                                                                                                                                                             
                                                                                                                                                                                                                                                                                                             
                                                                                                                                                                                                                                                                                                             
                                                                                                                                                                                                                                                                                                             
                                                                                                                                                                                                                                                                                                             
                                                                                                                                                                                                                                                                                                             
                                                                                                                                                                                                                                                                                                             
                                                                                                                                                                                                                                                                                                             
                                                                                                                                                                                                                                                                                                             
                                                                                                                                                                                                                                                                                                             
                                                                                                                                                                                                                                                                                                             
                                                                                                                                                                                                                                                                                                             
                                                                                                                                                                                                                                                                                                             
                                                                                                                                                                                                                                                                                                             
                                                                                                                                                                                                                                                                                                             
                                                                                                                                                                                                                                                                                                             
                                                                                                                                                                                                                                                                                                             
                                                                                                                                                                                                                                                                                                             
                                                                                                                                                                                                                                                                                                             
                                                                                                                                                                                                                                                                                                             
                                                                                                                                                                                                                                                                                                             
                                                                                                                                                                                                                                                                                                             
                                                                                                                                                                                                                                                                                                             
                                                                                                                                                                                                                                                                                                             
                                                                                                                                                                                                                                                                                                             
                                                                                                                                                                                                                                                                                                             
                                                                                                                                                                                                                                                                                                             
                                                                                                                                                                                                                                                                                                             
                                                                                                                                                                                                                                                                                                             
                                                                                                                                                                                                                                                                                                             
                                                                                                                                                                                                                                                                                                             
                                                                                                                                                                                                                                                                                                             
                                                                                                                                                                                                                                                                                                             
                                                                                                                                                                                                                                                                                                             
                                                                                                                                                                                                                                                                                                             
                                                                                                                                                                                                                                                                                                             
                                                                                                                                                                                                                                                                                                             
                                                                                                                                                                                                                                                                                                             
                                                                                                                                                                                                                                                                                                             
                                                                                                                                                                                                                                                                                                             
                                                                                                                                                                                                                                                                                                             
                                                                                                                                                                                                                                                                                                             
                                                                                                                                                                                                                                                                                                             
                                                                                                                                                                                                                                                                                                             
                                                                                                                                                                                                                                                                                                             
                                                                                                                                                                                                                                                                                                             
                                                                                                                                                                                                                                                                                                             
                                                                                                                                                                                                                                                                                                             
                                                                                                                                                                                                                                                                                                             
                                                                                                                                                                                                                                                                                                             
                                                                                                                                                                                                                                                                                                             
                                                                                                                                                                                                                                                                                                             
                                                                                                                                                                                                                                                                                                             
                                                                                                                                                                                                                                                                                                             
                                                                                                                                                                                                                                                                                                             
                                                                                                                                                                                                                                                                                                             
                                                                                                                                                                                                                                                                                                             
                                                                                                                                                                                                                                                                                                             
                                                                                                                                                                                                                                                                                                             
                                                                                                                                                                                                                                                                                                             
                                                                                                                                                                                                                                                                                                             
                                                                                                                                                                                                                                                                                                             
                                                                                                                                                                                                                                                                                                             
                                                                                                                                                                                                                                                                                                             
                                                                                                                                                                                                                                                                                                             
                                                                                                                                                                                                                                                                                                             
                                                                                                                                                                                                                                                                                                             
                                                                                                                                                                                                                                                                                                             
                                                                                                                                                                                                                                                                                                             
                                                                                                                                                                                                                                                                                                             
                                                                                                                                                                                                                                                                                                             
                                                                                                                                                                                                                                                                                                             
                                                                                                                                                                                                                                                                                                             
                                                                                                                                                                                                                                                                                                             
                                                                                                                                                                                                                                                                                                             
                                                                                                                                                                                                                                                                                                             
                                                                                                                                                                                                                                                                                                             
                                                                                                                                                                                                                                                                                                             
                                                                                                                                                                                                                                                                                                             
                                                                                                                                                                                                                                                                                                             
                                                                                                                                                                                                                                                                                                             
                                                                                                                                                                                                                                                                                                             
                                                                                                                                                                                                                                                                                                             
                                                                                                                                                                                                                                                                                                             
                                                                                                                                                                                                                                                                                                             
                                                                                                                                                                                                                                                                                                             
                                                                                                                                                                                                                                                                                                             
                                                                                                                                                                                                                                                                                                             
                                                                                                                                                                                                                                                                                                             
                                                                                                                                                                                                                                                                                                             
                                                                                                                                                                                                                                                                                                             
                                                                                                                                                                                                                                                                                                             
                                                                                                                                                                                                                                                                                                             
                                                                                                                                                                                                                                                                                                             
                                                                                                                                                                                                                                                                                                             
                                                                                                                                                                                                                                                                                                             
                                                                                                                                                                                                                                                                                                             
                                                                                                                                                                                                                                                                                                             
                                                                                                                                                                                                                                                                                                             
                                                                                                                                                                                                                                                                                                             
                                                                                                                                                                                                                                                                                                             
                                                                                                                                                                                                                                                                                                             
                                                                                                                                                                                                                                                                                                             
                                                                                                                                                                                                                                                                                                             
                                                                                                                                                                                                                                                                                                             
                                                                                                                                                                                                                                                                                                             
                                                                                                                                                                                                                                                                                                             
                                                                                                                                                                                                                                                                                                             
                                                                                                                                                                                                                                                                                                             
                                                                                                                                                                                                                                                                                                             
                                                                                                                                                                                                                                                                                                             
                                                                                                                                                                                                                                                                                                             
                                                                                                                                                                                                                                                                                                             
                                                                                                                                                                                                                                                                                                             
                                                                                                                                                                                                                                                                                                             
                                                                                                                                                                                                                                                                                                             
                                                                                                                                                                                                                                                                                                             
                                                                                                                                                                                                                                                                                                             
                                                                                                                                                                                                                                                                                                             
                                                                                                                                                                                                                                                                                                             
                                                                                                                                                                                                                                                                                                             
                                                                                                                                                                                                                                                                                                             
                                                                                                                                                                                                                                                                                                             
                                                                                                                                                                                                                                                                                                             
                                                                                                                                                                                                                                                                                                             
                                                                                                                                                                                                                                                                                                             
                                                                                                                                                                                                                                                                                                             
                                                                                                                                                                                                                                                                                                             
                                                                                                                                                                                                                                                                                                             
                                                                                                                                                                                                                                                                                                             
150 153
0
3
146 146
147 146
148 146
