6
                                                                                                                                                                                                                                                                                                             
                                                                                                                                                                                                                                                                                                             
                                                                                                                                                                                                                                                                                                             
                                                                                                                                                                                                                                                                                                             
                                                                                                                                                                                                                                                                                                             
                                                                                                                                                                                                                                                                                                             
                                                                                                                                                                                                                                                                                                             
                                                                                                                                                                                                                                                                                                             
                                                                                                                                                                                                                                                                                                             
                                                                                                                                                                                                                                                                                                             
                                                                                                                                                                                                                                                                                                             
                                                                                                                                                                                                                                                                                                             
                                                                                                                                                                                                                                                                                                             
                                                                                                                                                                                                                                                                                                             
                                                                                                                                                                                                                                                                                                             
                                                                                                                                                                                                                                                                                                             
                                                                                                                                                                                                                                                                                                             
                                                                                                                                                                                                                                                                                                             
                                                                                                                                                                                                                                                                                                             
                                                                                                                                                                                                                                                                                                             
                                                                                                                                                                                                                                                                                                             
                                                                                                                                                                                                                                                                                                             
                                                                                                                                                                                                                                                                                                             
                                                                                                                                                                                                                                                                                                             
                                                                                                                                                                                                                                                                                                             
                                                                                                                                                                                                                                                                                                             
                                                                                                                                                                                                                                                                                                             
                                                                                                                                                                                                                                                                                                             
                                                                                                                                                                                                                                                                                                             
                                                                                                                                                                                                                                                                                                             
                                                                                                                                                                                                                                                                                                             
                                                                                                                                                                                                                                                                                                             
                                                                                                                                                                                                                                                                                                             
                                                                                                                                                                                                                                                                                                             
                                                                                                                                                                                                                                                                                                             
                                                                                                                                                                                                                                                                                                             
                                                                                                                                                                                                                                                                                                             
                                                                                                                                                                                                                                                                                                             
                                                                                                                                                                                                                                                                                                             
                                                                                                                                                                                                                                                                                                             
                                                                                                                                                                                                                                                                                                             
                                                                                                                                                                                                                                                                                                             
                                                                                                                                                                                                                                                                                                             
                                                                                                                                                                                                                                                                                                             
                                                                                                                                                                                                                                                                                                             
                                                                                                                                                                                                                                                                                                             
                                                                                                                                                                                                                                                                                                             
                                                                                                                                                                                                                                                                                                             
                                                                                                                                                                                                                                                                                                             
                                                                                                                                                                                                                                                                                                             
                                                                                                                                                                                                                                                                                                             
                                                                                                                                                                                                                                                                                                             
                                                                                                                                                                                                                                                                                                             
                                                                                                                                                                                                                                                                                                             
                                                                                                                                                                                                                                                                                                             
                                                                                                                                                                                                                                                                                                             
                                                                                                                                                                                                                                                                                                             
                                                                                                                                                                                                                                                                                                             
                                                                                                                                                                                                                                                                                                             
                                                                                                                                                                                                                                                                                                             
                                                                                                                                                                                                                                                                                                             
                                                                                                                                                                                                                                                                                                             
                                                                                                                                                                                                                                                                                                             
                                                                                                                                                                                                                                                                                                             
                                                                                                                                                                                                                                                                                                             
                                                                                                                                                                                                                                                                                                             
                                                                                                                                                                                                                                                                                                             
                                                                                                                                                                                                                                                                                                             
                                                                                                                                                                                                                                                                                                             
                                                                                                                                                                                                                                                                                                             
                                                                                                                                                                                                                                                                                                             
                                                                                                                                                                                                                                                                                                             
                                                                                                                                                                                                                                                                                                             
                                                                                                                                                                                                                                                                                                             
                                                                                                                                                                                                                                                                                                             
                                                                                                                                                                                                                                                                                                             
                                                                                                                                                                                                                                                                                                             
                                                                                                                                                                                                                                                                                                             
                                                                                                                                                                                                                                                                                                             
                                                                                                                                                                                                                                                                                                             
                                                                                                                                                                                                                                                                                                             
                                                                                                                                                                                                                                                                                                             
                                                                                                                                                                                                                                                                                                             
                                                                                                                                                                                                                                                                                                             
                                                                                                                                                                                                                                                                                                             
                                                                                                                                                                                                                                                                                                             
                                                                                                                                                                                                                                                                                                             
                                                                                                                                                                                                                                                                                                             
                                                                                                                                                                                                                                                                                                             
                                                                                                                                                                                                                                                                                                             
                                                                                                                                                                                                                                                                                                             
                                                                                                                                                                                                                                                                                                             
                                                                                                                                                                                                                                                                                                             
                                                                                                                                                                                                                                                                                                             
                                                                                                                                                                                                                                                                                                             
                                                                                                                                                                                                                                                                                                             
                                                                                                                                                                                                                                                                                                             
                                                                                                                                                                                                                                                                                                             
                                                                                                                                                                                                                                                                                                             
                                                                                                                                                                                                                                                                                                             
                                                                                                                                                                                                                                                                                                             
                                                                                                                                                                                                                                                                                                             
                                                                                                                                                                                                                                                                                                             
                                                                                                                                                                                                                                                                                                             
                                                                                                                                                                                                                                                                                                             
                                                                                                                                                                                                                                                                                                             
                                                                                                                                                                                                                                                                                                             
                                                                                                                                                                                                                                                                                                             
                                                                                                                                                                                                                                                                                                             
                                                                                                                                                                                                                                                                                                             
                                                                                                                                                                                                                                                                                                             
                                                                                                                                                                                                                                                                                                             
                                                                                                                                                                                                                                                                                                             
                                                                                                                                                                                                                                                                                                             
                                                                                                                                                                                                                                                                                                             
                                                                                                                                                                                                                                                                                                             
                                                                                                                                                                                                                                                                                                             
                                                                                                                                                                                                                                                                                                             
                                                                                                                                                                                                                                                                                                             
                                                                                                                                                                                                                                                                                                             
                                                                                                                                                                                                                                                                                                             
                                                                                                                                                                                                                                                                                                             
                                                                                                                                                                                                                                                                                                             
                                                                                                                                                                                                                                                                                                             
                                                                                                                                                                                                                                                                                                             
                                                                                                                                                                                                                                                                                                             
                                                                                                                                                                                                                                                                                                             
                                                                                                                                                                                                                                                                                                             
                                                                                                                                                                                                                                                                                                             
                                                                                                                                                                                                                                                                                                             
                                                                                                                                                                                                                                                                                                             
                                                                                                                                                                                                                                                                                                             
                                                                                                                                                                                                                                                                                                             
                                                                                                                                                                                                                                                                                                             
                                                                                                                                                                                                                                                                                                             
                                                                                                                                                                                                                                                                                                             
                                                                                                                                                                                                                                                                                                             
                                                                                                                                                                                                                                                                                                             
                                                                                                                                                                                                                                                                                                             
                                                                                                                                                                                                                                                                                                             
                                                                                                                                                                                                                                                                                                             
                                                                                                                                                                                                                                                                                                             
                                                                                                                                                                                                                                                                                                             
                                                                                                                                                WWWWWWWWWWWWW                                                                                                                                                
                                                                                                                                                W   N S+W   W                                                                                                                                                
                                                                                                                                                W   W  WW N W                                                                                                                                                
                                                                                                                                                WWW W  WSSN W                                                                                                                                                
                                                                                                                                                W   W WSSSWWW                                                                                                                                                
                                                                                                                                                W          +W                                                                                                                                                
                                                                                                                                                W   W      TWWWW                                                                                                                                             
                                                                                                                                                W  W  WW WWWW  WWWWWWW                                                                                                                                       
                                                                                                                                                WW    SS WT W       WW                                                                                                                                       
                                                                                                                                                W+WWWSWWSW  W   WS  WW                                                                                                                                       
                                                                                                                                                W     SS W  W WSNSW  W                                                                                                                                       
                                                                                                                                                W        WT*W+W WSW  W                                                                                                                                       
                                                                                                                                                WWWWWWWWWWWWWWWW     W                                                                                                                                       
                                                                                                                                                         WT          W                                                                                                                                       
                                                                                                                                                         WWWWWWSNW   W                                                                                                                                       
                                                                                                                                                         W+   WSNW   W                                                                                                                                       
                                                                                                                                                         WWW    SWW  W                                                                                                                                       
                                                                                                                                                         W        W  W                                                                                                                                       
                                                                                                                                                         W+          W                                                                                                                                       
                                                                                                                                                         WWWWWWWWWWWWW                                                                                                                                       
                                                                                                                                                                                                                                                                                                             
                                                                                                                                                                                                                                                                                                             
                                                                                                                                                                                                                                                                                                             
                                                                                                                                                                                                                                                                                                             
                                                                                                                                                                                                                                                                                                             
                                                                                                                                                                                                                                                                                                             
                                                                                                                                                                                                                                                                                                             
                                                                                                                                                                                                                                                                                                             
                                                                                                                                                                                                                                                                                                             
                                                                                                                                                                                                                                                                                                             
                                                                                                                                                                                                                                                                                                             
                                                                                                                                                                                                                                                                                                             
                                                                                                                                                                                                                                                                                                             
                                                                                                                                                                                                                                                                                                             
                                                                                                                                                                                                                                                                                                             
                                                                                                                                                                                                                                                                                                             
                                                                                                                                                                                                                                                                                                             
                                                                                                                                                                                                                                                                                                             
                                                                                                                                                                                                                                                                                                             
                                                                                                                                                                                                                                                                                                             
                                                                                                                                                                                                                                                                                                             
                                                                                                                                                                                                                                                                                                             
                                                                                                                                                                                                                                                                                                             
                                                                                                                                                                                                                                                                                                             
                                                                                                                                                                                                                                                                                                             
                                                                                                                                                                                                                                                                                                             
                                                                                                                                                                                                                                                                                                             
                                                                                                                                                                                                                                                                                                             
                                                                                                                                                                                                                                                                                                             
                                                                                                                                                                                                                                                                                                             
                                                                                                                                                                                                                                                                                                             
                                                                                                                                                                                                                                                                                                             
                                                                                                                                                                                                                                                                                                             
                                                                                                                                                                                                                                                                                                             
                                                                                                                                                                                                                                                                                                             
                                                                                                                                                                                                                                                                                                             
                                                                                                                                                                                                                                                                                                             
                                                                                                                                                                                                                                                                                                             
                                                                                                                                                                                                                                                                                                             
                                                                                                                                                                                                                                                                                                             
                                                                                                                                                                                                                                                                                                             
                                                                                                                                                                                                                                                                                                             
                                                                                                                                                                                                                                                                                                             
                                                                                                                                                                                                                                                                                                             
                                                                                                                                                                                                                                                                                                             
                                                                                                                                                                                                                                                                                                             
                                                                                                                                                                                                                                                                                                             
                                                                                                                                                                                                                                                                                                             
                                                                                                                                                                                                                                                                                                             
                                                                                                                                                                                                                                                                                                             
                                                                                                                                                                                                                                                                                                             
                                                                                                                                                                                                                                                                                                             
                                                                                                                                                                                                                                                                                                             
                                                                                                                                                                                                                                                                                                             
                                                                                                                                                                                                                                                                                                             
                                                                                                                                                                                                                                                                                                             
                                                                                                                                                                                                                                                                                                             
                                                                                                                                                                                                                                                                                                             
                                                                                                                                                                                                                                                                                                             
                                                                                                                                                                                                                                                                                                             
                                                                                                                                                                                                                                                                                                             
                                                                                                                                                                                                                                                                                                             
                                                                                                                                                                                                                                                                                                             
                                                                                                                                                                                                                                                                                                             
                                                                                                                                                                                                                                                                                                             
                                                                                                                                                                                                                                                                                                             
                                                                                                                                                                                                                                                                                                             
                                                                                                                                                                                                                                                                                                             
                                                                                                                                                                                                                                                                                                             
                                                                                                                                                                                                                                                                                                             
                                                                                                                                                                                                                                                                                                             
                                                                                                                                                                                                                                                                                                             
                                                                                                                                                                                                                                                                                                             
                                                                                                                                                                                                                                                                                                             
                                                                                                                                                                                                                                                                                                             
                                                                                                                                                                                                                                                                                                             
                                                                                                                                                                                                                                                                                                             
                                                                                                                                                                                                                                                                                                             
                                                                                                                                                                                                                                                                                                             
                                                                                                                                                                                                                                                                                                             
                                                                                                                                                                                                                                                                                                             
                                                                                                                                                                                                                                                                                                             
                                                                                                                                                                                                                                                                                                             
                                                                                                                                                                                                                                                                                                             
                                                                                                                                                                                                                                                                                                             
                                                                                                                                                                                                                                                                                                             
                                                                                                                                                                                                                                                                                                             
                                                                                                                                                                                                                                                                                                             
                                                                                                                                                                                                                                                                                                             
                                                                                                                                                                                                                                                                                                             
                                                                                                                                                                                                                                                                                                             
                                                                                                                                                                                                                                                                                                             
                                                                                                                                                                                                                                                                                                             
                                                                                                                                                                                                                                                                                                             
                                                                                                                                                                                                                                                                                                             
                                                                                                                                                                                                                                                                                                             
                                                                                                                                                                                                                                                                                                             
                                                                                                                                                                                                                                                                                                             
                                                                                                                                                                                                                                                                                                             
                                                                                                                                                                                                                                                                                                             
                                                                                                                                                                                                                                                                                                             
                                                                                                                                                                                                                                                                                                             
                                                                                                                                                                                                                                                                                                             
                                                                                                                                                                                                                                                                                                             
                                                                                                                                                                                                                                                                                                             
                                                                                                                                                                                                                                                                                                             
                                                                                                                                                                                                                                                                                                             
                                                                                                                                                                                                                                                                                                             
                                                                                                                                                                                                                                                                                                             
                                                                                                                                                                                                                                                                                                             
                                                                                                                                                                                                                                                                                                             
                                                                                                                                                                                                                                                                                                             
                                                                                                                                                                                                                                                                                                             
                                                                                                                                                                                                                                                                                                             
                                                                                                                                                                                                                                                                                                             
                                                                                                                                                                                                                                                                                                             
                                                                                                                                                                                                                                                                                                             
                                                                                                                                                                                                                                                                                                             
                                                                                                                                                                                                                                                                                                             
                                                                                                                                                                                                                                                                                                             
                                                                                                                                                                                                                                                                                                             
                                                                                                                                                                                                                                                                                                             
                                                                                                                                                                                                                                                                                                             
                                                                                                                                                                                                                                                                                                             
                                                                                                                                                                                                                                                                                                             
                                                                                                                                                                                                                                                                                                             
                                                                                                                                                                                                                                                                                                             
                                                                                                                                                                                                                                                                                                             
                                                                                                                                                                                                                                                                                                             
                                                                                                                                                                                                                                                                                                             
                                                                                                                                                                                                                                                                                                             
                                                                                                                                                                                                                                                                                                             
                                                                                                                                                                                                                                                                                                             
                                                                                                                                                                                                                                                                                                             
                                                                                                                                                                                                                                                                                                             
                                                                                                                                                                                                                                                                                                             
                                                                                                                                                                                                                                                                                                             
                                                                                                                                                                                                                                                                                                             
145 156
2
155 151 154 149
154 144 154 146
4
155 152
145 148
151 156
157 146
