2
                                                                                                                                                                                                                                                                                                             
                                                                                                                                                                                                                                                                                                             
                                                                                                                                                                                                                                                                                                             
                                                                                                                                                                                                                                                                                                             
                                                                                                                                                                                                                                                                                                             
                                                                                                                                                                                                                                                                                                             
                                                                                                                                                                                                                                                                                                             
                                                                                                                                                                                                                                                                                                             
                                                                                                                                                                                                                                                                                                             
                                                                                                                                                                                                                                                                                                             
                                                                                                                                                                                                                                                                                                             
                                                                                                                                                                                                                                                                                                             
                                                                                                                                                                                                                                                                                                             
                                                                                                                                                                                                                                                                                                             
                                                                                                                                                                                                                                                                                                             
                                                                                                                                                                                                                                                                                                             
                                                                                                                                                                                                                                                                                                             
                                                                                                                                                                                                                                                                                                             
                                                                                                                                                                                                                                                                                                             
                                                                                                                                                                                                                                                                                                             
                                                                                                                                                                                                                                                                                                             
                                                                                                                                                                                                                                                                                                             
                                                                                                                                                                                                                                                                                                             
                                                                                                                                                                                                                                                                                                             
                                                                                                                                                                                                                                                                                                             
                                                                                                                                                                                                                                                                                                             
                                                                                                                                                                                                                                                                                                             
                                                                                                                                                                                                                                                                                                             
                                                                                                                                                                                                                                                                                                             
                                                                                                                                                                                                                                                                                                             
                                                                                                                                                                                                                                                                                                             
                                                                                                                                                                                                                                                                                                             
                                                                                                                                                                                                                                                                                                             
                                                                                                                                                                                                                                                                                                             
                                                                                                                                                                                                                                                                                                             
                                                                                                                                                                                                                                                                                                             
                                                                                                                                                                                                                                                                                                             
                                                                                                                                                                                                                                                                                                             
                                                                                                                                                                                                                                                                                                             
                                                                                                                                                                                                                                                                                                             
                                                                                                                                                                                                                                                                                                             
                                                                                                                                                                                                                                                                                                             
                                                                                                                                                                                                                                                                                                             
                                                                                                                                                                                                                                                                                                             
                                                                                                                                                                                                                                                                                                             
                                                                                                                                                                                                                                                                                                             
                                                                                                                                                                                                                                                                                                             
                                                                                                                                                                                                                                                                                                             
                                                                                                                                                                                                                                                                                                             
                                                                                                                                                                                                                                                                                                             
                                                                                                                                                                                                                                                                                                             
                                                                                                                                                                                                                                                                                                             
                                                                                                                                                                                                                                                                                                             
                                                                                                                                                                                                                                                                                                             
                                                                                                                                                                                                                                                                                                             
                                                                                                                                                                                                                                                                                                             
                                                                                                                                                                                                                                                                                                             
                                                                                                                                                                                                                                                                                                             
                                                                                                                                                                                                                                                                                                             
                                                                                                                                                                                                                                                                                                             
                                                                                                                                                                                                                                                                                                             
                                                                                                                                                                                                                                                                                                             
                                                                                                                                                                                                                                                                                                             
                                                                                                                                                                                                                                                                                                             
                                                                                                                                                                                                                                                                                                             
                                                                                                                                                                                                                                                                                                             
                                                                                                                                                                                                                                                                                                             
                                                                                                                                                                                                                                                                                                             
                                                                                                                                                                                                                                                                                                             
                                                                                                                                                                                                                                                                                                             
                                                                                                                                                                                                                                                                                                             
                                                                                                                                                                                                                                                                                                             
                                                                                                                                                                                                                                                                                                             
                                                                                                                                                                                                                                                                                                             
                                                                                                                                                                                                                                                                                                             
                                                                                                                                                                                                                                                                                                             
                                                                                                                                                                                                                                                                                                             
                                                                                                                                                                                                                                                                                                             
                                                                                                                                                                                                                                                                                                             
                                                                                                                                                                                                                                                                                                             
                                                                                                                                                                                                                                                                                                             
                                                                                                                                                                                                                                                                                                             
                                                                                                                                                                                                                                                                                                             
                                                                                                                                                                                                                                                                                                             
                                                                                                                                                                                                                                                                                                             
                                                                                                                                                                                                                                                                                                             
                                                                                                                                                                                                                                                                                                             
                                                                                                                                                                                                                                                                                                             
                                                                                                                                                                                                                                                                                                             
                                                                                                                                                                                                                                                                                                             
                                                                                                                                                                                                                                                                                                             
                                                                                                                                                                                                                                                                                                             
                                                                                                                                                                                                                                                                                                             
                                                                                                                                                                                                                                                                                                             
                                                                                                                                                                                                                                                                                                             
                                                                                                                                                                                                                                                                                                             
                                                                                                                                                                                                                                                                                                             
                                                                                                                                                                                                                                                                                                             
                                                                                                                                                                                                                                                                                                             
                                                                                                                                                                                                                                                                                                             
                                                                                                                                                                                                                                                                                                             
                                                                                                                                                                                                                                                                                                             
                                                                                                                                                                                                                                                                                                             
                                                                                                                                                                                                                                                                                                             
                                                                                                                                                                                                                                                                                                             
                                                                                                                                                                                                                                                                                                             
                                                                                                                                                                                                                                                                                                             
                                                                                                                                                                                                                                                                                                             
                                                                                                                                                                                                                                                                                                             
                                                                                                                                                                                                                                                                                                             
                                                                                                                                                                                                                                                                                                             
                                                                                                                                                                                                                                                                                                             
                                                                                                                                                                                                                                                                                                             
                                                                                                                                                                                                                                                                                                             
                                                                                                                                                                                                                                                                                                             
                                                                                                                                                                                                                                                                                                             
                                                                                                                                                                                                                                                                                                             
                                                                                                                                                                                                                                                                                                             
                                                                                                                                                                                                                                                                                                             
                                                                                                                                                                                                                                                                                                             
                                                                                                                                                                                                                                                                                                             
                                                                                                                                                                                                                                                                                                             
                                                                                                                                                                                                                                                                                                             
                                                                                                                                                                                                                                                                                                             
                                                                                                                                                                                                                                                                                                             
                                                                                                                                                                                                                                                                                                             
                                                                                                                                                                                                                                                                                                             
                                                                                                                                                                                                                                                                                                             
                                                                                                                                                                                                                                                                                                             
                                                                                                                                                                                                                                                                                                             
                                                                                                                                                                                                                                                                                                             
                                                                                                                                                                                                                                                                                                             
                                                                                                                                                                                                                                                                                                             
                                                                                                                                                                                                                                                                                                             
                                                                                                                                                                                                                                                                                                             
                                                                                                                                                                                                                                                                                                             
                                                                                                                                                                                                                                                                                                             
                                                                                                                                                                                                                                                                                                             
                                                                                                                                                                                                                                                                                                             
                                                                                                                                                                                                                                                                                                             
                                                                                                                                                                                                                                                                                                             
                                                                                                                                                                                                                                                                                                             
                                                                                                                                                                                                                                                                                                             
                                                                                                                                                                                                                                                                                                             
                                                                                                                                                                                                                                                                                                             
                                                                                                                                                            WWWWWWWWWW                                                                                                                                       
                                                                                                                                                            W  W*W   W                                                                                                                                       
                                                                                                                                                            W  W W   W                                                                                                                                       
                                                                                                                                                            W        W                                                                                                                                       
                                                                                                                                                 WWWWWWWWWWWW        W                                                                                                                                       
                                                                                                                                                 W                   W                                                                                                                                       
                                                                                                                                                 WSWWWWWWWWWW N N N NW                                                                                                                                       
                                                                                                                                             WWWWWSWW W     W N N N NW                                                                                                                                       
                                                                                                                                             W   W   NW     W + + + +W                                                                                                                                       
                                                                                                                                             W T WS STW     WWWWWWWWWW                                                                                                                                       
                                                                                                                                             W   WWWWWW                                                                                                                                                      
                                                                                                                                             W        W                                                                                                                                                      
                                                                                                                                             W  NN    W                                                                                                                                                      
                                                                                                                                             W  NN  WWW                                                                                                                                                      
                                                                                                                                             W      W W                                                                                                                                                      
                                                                                                                                             W        W                                                                                                                                                      
                                                                                                                                             WWWWWWWWWW                                                                                                                                                      
                                                                                                                                                                                                                                                                                                             
                                                                                                                                                                                                                                                                                                             
                                                                                                                                                                                                                                                                                                             
                                                                                                                                                                                                                                                                                                             
                                                                                                                                                                                                                                                                                                             
                                                                                                                                                                                                                                                                                                             
                                                                                                                                                                                                                                                                                                             
                                                                                                                                                                                                                                                                                                             
                                                                                                                                                                                                                                                                                                             
                                                                                                                                                                                                                                                                                                             
                                                                                                                                                                                                                                                                                                             
                                                                                                                                                                                                                                                                                                             
                                                                                                                                                                                                                                                                                                             
                                                                                                                                                                                                                                                                                                             
                                                                                                                                                                                                                                                                                                             
                                                                                                                                                                                                                                                                                                             
                                                                                                                                                                                                                                                                                                             
                                                                                                                                                                                                                                                                                                             
                                                                                                                                                                                                                                                                                                             
                                                                                                                                                                                                                                                                                                             
                                                                                                                                                                                                                                                                                                             
                                                                                                                                                                                                                                                                                                             
                                                                                                                                                                                                                                                                                                             
                                                                                                                                                                                                                                                                                                             
                                                                                                                                                                                                                                                                                                             
                                                                                                                                                                                                                                                                                                             
                                                                                                                                                                                                                                                                                                             
                                                                                                                                                                                                                                                                                                             
                                                                                                                                                                                                                                                                                                             
                                                                                                                                                                                                                                                                                                             
                                                                                                                                                                                                                                                                                                             
                                                                                                                                                                                                                                                                                                             
                                                                                                                                                                                                                                                                                                             
                                                                                                                                                                                                                                                                                                             
                                                                                                                                                                                                                                                                                                             
                                                                                                                                                                                                                                                                                                             
                                                                                                                                                                                                                                                                                                             
                                                                                                                                                                                                                                                                                                             
                                                                                                                                                                                                                                                                                                             
                                                                                                                                                                                                                                                                                                             
                                                                                                                                                                                                                                                                                                             
                                                                                                                                                                                                                                                                                                             
                                                                                                                                                                                                                                                                                                             
                                                                                                                                                                                                                                                                                                             
                                                                                                                                                                                                                                                                                                             
                                                                                                                                                                                                                                                                                                             
                                                                                                                                                                                                                                                                                                             
                                                                                                                                                                                                                                                                                                             
                                                                                                                                                                                                                                                                                                             
                                                                                                                                                                                                                                                                                                             
                                                                                                                                                                                                                                                                                                             
                                                                                                                                                                                                                                                                                                             
                                                                                                                                                                                                                                                                                                             
                                                                                                                                                                                                                                                                                                             
                                                                                                                                                                                                                                                                                                             
                                                                                                                                                                                                                                                                                                             
                                                                                                                                                                                                                                                                                                             
                                                                                                                                                                                                                                                                                                             
                                                                                                                                                                                                                                                                                                             
                                                                                                                                                                                                                                                                                                             
                                                                                                                                                                                                                                                                                                             
                                                                                                                                                                                                                                                                                                             
                                                                                                                                                                                                                                                                                                             
                                                                                                                                                                                                                                                                                                             
                                                                                                                                                                                                                                                                                                             
                                                                                                                                                                                                                                                                                                             
                                                                                                                                                                                                                                                                                                             
                                                                                                                                                                                                                                                                                                             
                                                                                                                                                                                                                                                                                                             
                                                                                                                                                                                                                                                                                                             
                                                                                                                                                                                                                                                                                                             
                                                                                                                                                                                                                                                                                                             
                                                                                                                                                                                                                                                                                                             
                                                                                                                                                                                                                                                                                                             
                                                                                                                                                                                                                                                                                                             
                                                                                                                                                                                                                                                                                                             
                                                                                                                                                                                                                                                                                                             
                                                                                                                                                                                                                                                                                                             
                                                                                                                                                                                                                                                                                                             
                                                                                                                                                                                                                                                                                                             
                                                                                                                                                                                                                                                                                                             
                                                                                                                                                                                                                                                                                                             
                                                                                                                                                                                                                                                                                                             
                                                                                                                                                                                                                                                                                                             
                                                                                                                                                                                                                                                                                                             
                                                                                                                                                                                                                                                                                                             
                                                                                                                                                                                                                                                                                                             
                                                                                                                                                                                                                                                                                                             
                                                                                                                                                                                                                                                                                                             
                                                                                                                                                                                                                                                                                                             
                                                                                                                                                                                                                                                                                                             
                                                                                                                                                                                                                                                                                                             
                                                                                                                                                                                                                                                                                                             
                                                                                                                                                                                                                                                                                                             
                                                                                                                                                                                                                                                                                                             
                                                                                                                                                                                                                                                                                                             
                                                                                                                                                                                                                                                                                                             
                                                                                                                                                                                                                                                                                                             
                                                                                                                                                                                                                                                                                                             
                                                                                                                                                                                                                                                                                                             
                                                                                                                                                                                                                                                                                                             
                                                                                                                                                                                                                                                                                                             
                                                                                                                                                                                                                                                                                                             
                                                                                                                                                                                                                                                                                                             
                                                                                                                                                                                                                                                                                                             
                                                                                                                                                                                                                                                                                                             
                                                                                                                                                                                                                                                                                                             
                                                                                                                                                                                                                                                                                                             
                                                                                                                                                                                                                                                                                                             
                                                                                                                                                                                                                                                                                                             
                                                                                                                                                                                                                                                                                                             
                                                                                                                                                                                                                                                                                                             
                                                                                                                                                                                                                                                                                                             
                                                                                                                                                                                                                                                                                                             
                                                                                                                                                                                                                                                                                                             
                                                                                                                                                                                                                                                                                                             
                                                                                                                                                                                                                                                                                                             
                                                                                                                                                                                                                                                                                                             
                                                                                                                                                                                                                                                                                                             
                                                                                                                                                                                                                                                                                                             
                                                                                                                                                                                                                                                                                                             
                                                                                                                                                                                                                                                                                                             
                                                                                                                                                                                                                                                                                                             
                                                                                                                                                                                                                                                                                                             
                                                                                                                                                                                                                                                                                                             
                                                                                                                                                                                                                                                                                                             
                                                                                                                                                                                                                                                                                                             
                                                                                                                                                                                                                                                                                                             
                                                                                                                                                                                                                                                                                                             
                                                                                                                                                                                                                                                                                                             
                                                                                                                                                                                                                                                                                                             
                                                                                                                                                                                                                                                                                                             
                                                                                                                                                                                                                                                                                                             
                                                                                                                                                                                                                                                                                                             
                                                                                                                                                                                                                                                                                                             
                                                                                                                                                                                                                                                                                                             
                                                                                                                                                                                                                                                                                                             
                                                                                                                                                                                                                                                                                                             
                                                                                                                                                                                                                                                                                                             
149 141
1
149 146 143 146
4
158 147
160 147
162 147
164 147
