4
                                                                                                                                                                                                                                                                                                             
                                                                                                                                                                                                                                                                                                             
                                                                                                                                                                                                                                                                                                             
                                                                                                                                                                                                                                                                                                             
                                                                                                                                                                                                                                                                                                             
                                                                                                                                                                                                                                                                                                             
                                                                                                                                                                                                                                                                                                             
                                                                                                                                                                                                                                                                                                             
                                                                                                                                                                                                                                                                                                             
                                                                                                                                                                                                                                                                                                             
                                                                                                                                                                                                                                                                                                             
                                                                                                                                                                                                                                                                                                             
                                                                                                                                                                                                                                                                                                             
                                                                                                                                                                                                                                                                                                             
                                                                                                                                                                                                                                                                                                             
                                                                                                                                                                                                                                                                                                             
                                                                                                                                                                                                                                                                                                             
                                                                                                                                                                                                                                                                                                             
                                                                                                                                                                                                                                                                                                             
                                                                                                                                                                                                                                                                                                             
                                                                                                                                                                                                                                                                                                             
                                                                                                                                                                                                                                                                                                             
                                                                                                                                                                                                                                                                                                             
                                                                                                                                                                                                                                                                                                             
                                                                                                                                                                                                                                                                                                             
                                                                                                                                                                                                                                                                                                             
                                                                                                                                                                                                                                                                                                             
                                                                                                                                                                                                                                                                                                             
                                                                                                                                                                                                                                                                                                             
                                                                                                                                                                                                                                                                                                             
                                                                                                                                                                                                                                                                                                             
                                                                                                                                                                                                                                                                                                             
                                                                                                                                                                                                                                                                                                             
                                                                                                                                                                                                                                                                                                             
                                                                                                                                                                                                                                                                                                             
                                                                                                                                                                                                                                                                                                             
                                                                                                                                                                                                                                                                                                             
                                                                                                                                                                                                                                                                                                             
                                                                                                                                                                                                                                                                                                             
                                                                                                                                                                                                                                                                                                             
                                                                                                                                                                                                                                                                                                             
                                                                                                                                                                                                                                                                                                             
                                                                                                                                                                                                                                                                                                             
                                                                                                                                                                                                                                                                                                             
                                                                                                                                                                                                                                                                                                             
                                                                                                                                                                                                                                                                                                             
                                                                                                                                                                                                                                                                                                             
                                                                                                                                                                                                                                                                                                             
                                                                                                                                                                                                                                                                                                             
                                                                                                                                                                                                                                                                                                             
                                                                                                                                                                                                                                                                                                             
                                                                                                                                                                                                                                                                                                             
                                                                                                                                                                                                                                                                                                             
                                                                                                                                                                                                                                                                                                             
                                                                                                                                                                                                                                                                                                             
                                                                                                                                                                                                                                                                                                             
                                                                                                                                                                                                                                                                                                             
                                                                                                                                                                                                                                                                                                             
                                                                                                                                                                                                                                                                                                             
                                                                                                                                                                                                                                                                                                             
                                                                                                                                                                                                                                                                                                             
                                                                                                                                                                                                                                                                                                             
                                                                                                                                                                                                                                                                                                             
                                                                                                                                                                                                                                                                                                             
                                                                                                                                                                                                                                                                                                             
                                                                                                                                                                                                                                                                                                             
                                                                                                                                                                                                                                                                                                             
                                                                                                                                                                                                                                                                                                             
                                                                                                                                                                                                                                                                                                             
                                                                                                                                                                                                                                                                                                             
                                                                                                                                                                                                                                                                                                             
                                                                                                                                                                                                                                                                                                             
                                                                                                                                                                                                                                                                                                             
                                                                                                                                                                                                                                                                                                             
                                                                                                                                                                                                                                                                                                             
                                                                                                                                                                                                                                                                                                             
                                                                                                                                                                                                                                                                                                             
                                                                                                                                                                                                                                                                                                             
                                                                                                                                                                                                                                                                                                             
                                                                                                                                                                                                                                                                                                             
                                                                                                                                                                                                                                                                                                             
                                                                                                                                                                                                                                                                                                             
                                                                                                                                                                                                                                                                                                             
                                                                                                                                                                                                                                                                                                             
                                                                                                                                                                                                                                                                                                             
                                                                                                                                                                                                                                                                                                             
                                                                                                                                                                                                                                                                                                             
                                                                                                                                                                                                                                                                                                             
                                                                                                                                                                                                                                                                                                             
                                                                                                                                                                                                                                                                                                             
                                                                                                                                                                                                                                                                                                             
                                                                                                                                                                                                                                                                                                             
                                                                                                                                                                                                                                                                                                             
                                                                                                                                                                                                                                                                                                             
                                                                                                                                                                                                                                                                                                             
                                                                                                                                                                                                                                                                                                             
                                                                                                                                                                                                                                                                                                             
                                                                                                                                                                                                                                                                                                             
                                                                                                                                                                                                                                                                                                             
                                                                                                                                                                                                                                                                                                             
                                                                                                                                                                                                                                                                                                             
                                                                                                                                                                                                                                                                                                             
                                                                                                                                                                                                                                                                                                             
                                                                                                                                                                                                                                                                                                             
                                                                                                                                                                                                                                                                                                             
                                                                                                                                                                                                                                                                                                             
                                                                                                                                                                                                                                                                                                             
                                                                                                                                                                                                                                                                                                             
                                                                                                                                                                                                                                                                                                             
                                                                                                                                                                                                                                                                                                             
                                                                                                                                                                                                                                                                                                             
                                                                                                                                                                                                                                                                                                             
                                                                                                                                                                                                                                                                                                             
                                                                                                                                                                                                                                                                                                             
                                                                                                                                                                                                                                                                                                             
                                                                                                                                                                                                                                                                                                             
                                                                                                                                                                                                                                                                                                             
                                                                                                                                                                                                                                                                                                             
                                                                                                                                                                                                                                                                                                             
                                                                                                                                                                                                                                                                                                             
                                                                                                                                                                                                                                                                                                             
                                                                                                                                                                                                                                                                                                             
                                                                                                                                                                                                                                                                                                             
                                                                                                                                                                                                                                                                                                             
                                                                                                                                                                                                                                                                                                             
                                                                                                                                                                                                                                                                                                             
                                                                                                                                                                                                                                                                                                             
                                                                                                                                                                                                                                                                                                             
                                                                                                                                                                                                                                                                                                             
                                                                                                                                                                                                                                                                                                             
                                                                                                                                                                                                                                                                                                             
                                                                                                                                                                                                                                                                                                             
                                                                                                                                                                                                                                                                                                             
                                                                                                                                                                                                                                                                                                             
                                                                                                                                                                                                                                                                                                             
                                                                                                                                                                                                                                                                                                             
                                                                                                                                                                                                                                                                                                             
                                                                                                                                                                                                                                                                                                             
                                                                                                                                                                                                                                                                                                             
                                                                                                                                                                                                                                                                                                             
                                                                                                                                                                                                                                                                                                             
                                                                                                                                                                                                                                                                                                             
                                                                                                                                                                                                                                                                                                             
                                                                                                                                                                                                                                                                                                             
                                                                                                                                                WWWWWWWWWWWWW                                                                                                                                                
                                                                                                                                                W     W W   W                                                                                                                                                
                                                                                                                                                WWW WWW W W W                                                                                                                                                
                                                                                                                                                W W W W   W W                                                                                                                                                
                                                                                                                                                W W W   W W W                                                                                                                                                
                                                                                                                                                W   W  WWWW W                                                                                                                                                
                                                                                                                                                W W   WW    W                                                                                                                                                
                                                                                                                                                W WWW  W W  W                                                                                                                                                
                                                                                                                                                W   WW W WWWW                                                                                                                                                
                                                                                                                                                WWW W  W    W                                                                                                                                                
                                                                                                                                                W W W WWW W W                                                                                                                                                
                                                                                                                                                W   W   W W*W                                                                                                                                                
                                                                                                                                                WWWWWWWWWWWWW                                                                                                                                                
                                                                                                                                                                                                                                                                                                             
                                                                                                                                                                                                                                                                                                             
                                                                                                                                                                                                                                                                                                             
                                                                                                                                                                                                                                                                                                             
                                                                                                                                                                                                                                                                                                             
                                                                                                                                                                                                                                                                                                             
                                                                                                                                                                                                                                                                                                             
                                                                                                                                                                                                                                                                                                             
                                                                                                                                                                                                                                                                                                             
                                                                                                                                                                                                                                                                                                             
                                                                                                                                                                                                                                                                                                             
                                                                                                                                                                                                                                                                                                             
                                                                                                                                                                                                                                                                                                             
                                                                                                                                                                                                                                                                                                             
                                                                                                                                                                                                                                                                                                             
                                                                                                                                                                                                                                                                                                             
                                                                                                                                                                                                                                                                                                             
                                                                                                                                                                                                                                                                                                             
                                                                                                                                                                                                                                                                                                             
                                                                                                                                                                                                                                                                                                             
                                                                                                                                                                                                                                                                                                             
                                                                                                                                                                                                                                                                                                             
                                                                                                                                                                                                                                                                                                             
                                                                                                                                                                                                                                                                                                             
                                                                                                                                                                                                                                                                                                             
                                                                                                                                                                                                                                                                                                             
                                                                                                                                                                                                                                                                                                             
                                                                                                                                                                                                                                                                                                             
                                                                                                                                                                                                                                                                                                             
                                                                                                                                                                                                                                                                                                             
                                                                                                                                                                                                                                                                                                             
                                                                                                                                                                                                                                                                                                             
                                                                                                                                                                                                                                                                                                             
                                                                                                                                                                                                                                                                                                             
                                                                                                                                                                                                                                                                                                             
                                                                                                                                                                                                                                                                                                             
                                                                                                                                                                                                                                                                                                             
                                                                                                                                                                                                                                                                                                             
                                                                                                                                                                                                                                                                                                             
                                                                                                                                                                                                                                                                                                             
                                                                                                                                                                                                                                                                                                             
                                                                                                                                                                                                                                                                                                             
                                                                                                                                                                                                                                                                                                             
                                                                                                                                                                                                                                                                                                             
                                                                                                                                                                                                                                                                                                             
                                                                                                                                                                                                                                                                                                             
                                                                                                                                                                                                                                                                                                             
                                                                                                                                                                                                                                                                                                             
                                                                                                                                                                                                                                                                                                             
                                                                                                                                                                                                                                                                                                             
                                                                                                                                                                                                                                                                                                             
                                                                                                                                                                                                                                                                                                             
                                                                                                                                                                                                                                                                                                             
                                                                                                                                                                                                                                                                                                             
                                                                                                                                                                                                                                                                                                             
                                                                                                                                                                                                                                                                                                             
                                                                                                                                                                                                                                                                                                             
                                                                                                                                                                                                                                                                                                             
                                                                                                                                                                                                                                                                                                             
                                                                                                                                                                                                                                                                                                             
                                                                                                                                                                                                                                                                                                             
                                                                                                                                                                                                                                                                                                             
                                                                                                                                                                                                                                                                                                             
                                                                                                                                                                                                                                                                                                             
                                                                                                                                                                                                                                                                                                             
                                                                                                                                                                                                                                                                                                             
                                                                                                                                                                                                                                                                                                             
                                                                                                                                                                                                                                                                                                             
                                                                                                                                                                                                                                                                                                             
                                                                                                                                                                                                                                                                                                             
                                                                                                                                                                                                                                                                                                             
                                                                                                                                                                                                                                                                                                             
                                                                                                                                                                                                                                                                                                             
                                                                                                                                                                                                                                                                                                             
                                                                                                                                                                                                                                                                                                             
                                                                                                                                                                                                                                                                                                             
                                                                                                                                                                                                                                                                                                             
                                                                                                                                                                                                                                                                                                             
                                                                                                                                                                                                                                                                                                             
                                                                                                                                                                                                                                                                                                             
                                                                                                                                                                                                                                                                                                             
                                                                                                                                                                                                                                                                                                             
                                                                                                                                                                                                                                                                                                             
                                                                                                                                                                                                                                                                                                             
                                                                                                                                                                                                                                                                                                             
                                                                                                                                                                                                                                                                                                             
                                                                                                                                                                                                                                                                                                             
                                                                                                                                                                                                                                                                                                             
                                                                                                                                                                                                                                                                                                             
                                                                                                                                                                                                                                                                                                             
                                                                                                                                                                                                                                                                                                             
                                                                                                                                                                                                                                                                                                             
                                                                                                                                                                                                                                                                                                             
                                                                                                                                                                                                                                                                                                             
                                                                                                                                                                                                                                                                                                             
                                                                                                                                                                                                                                                                                                             
                                                                                                                                                                                                                                                                                                             
                                                                                                                                                                                                                                                                                                             
                                                                                                                                                                                                                                                                                                             
                                                                                                                                                                                                                                                                                                             
                                                                                                                                                                                                                                                                                                             
                                                                                                                                                                                                                                                                                                             
                                                                                                                                                                                                                                                                                                             
                                                                                                                                                                                                                                                                                                             
                                                                                                                                                                                                                                                                                                             
                                                                                                                                                                                                                                                                                                             
                                                                                                                                                                                                                                                                                                             
                                                                                                                                                                                                                                                                                                             
                                                                                                                                                                                                                                                                                                             
                                                                                                                                                                                                                                                                                                             
                                                                                                                                                                                                                                                                                                             
                                                                                                                                                                                                                                                                                                             
                                                                                                                                                                                                                                                                                                             
                                                                                                                                                                                                                                                                                                             
                                                                                                                                                                                                                                                                                                             
                                                                                                                                                                                                                                                                                                             
                                                                                                                                                                                                                                                                                                             
                                                                                                                                                                                                                                                                                                             
                                                                                                                                                                                                                                                                                                             
                                                                                                                                                                                                                                                                                                             
                                                                                                                                                                                                                                                                                                             
                                                                                                                                                                                                                                                                                                             
                                                                                                                                                                                                                                                                                                             
                                                                                                                                                                                                                                                                                                             
                                                                                                                                                                                                                                                                                                             
                                                                                                                                                                                                                                                                                                             
                                                                                                                                                                                                                                                                                                             
                                                                                                                                                                                                                                                                                                             
                                                                                                                                                                                                                                                                                                             
                                                                                                                                                                                                                                                                                                             
                                                                                                                                                                                                                                                                                                             
                                                                                                                                                                                                                                                                                                             
                                                                                                                                                                                                                                                                                                             
                                                                                                                                                                                                                                                                                                             
                                                                                                                                                                                                                                                                                                             
                                                                                                                                                                                                                                                                                                             
                                                                                                                                                                                                                                                                                                             
                                                                                                                                                                                                                                                                                                             
                                                                                                                                                                                                                                                                                                             
                                                                                                                                                                                                                                                                                                             
                                                                                                                                                                                                                                                                                                             
                                                                                                                                                                                                                                                                                                             
                                                                                                                                                                                                                                                                                                             
                                                                                                                                                                                                                                                                                                             
145 155
0
0
